1 4 9
9
9 121
484

9 121
9 121 484
9 121
1 4 9
121 484
9 121

1 4
121
4
484
1

121 484
121
4 9
484
4 9
1 4 9 121
484
121 484

1 4 9 121 484
4
9
484
4 9 121 484
121 484


4 9
1 4 9 121 484
1 4 9 121
1 4
484
121

121 484
484

121 484
121 484
9 121
484
121 484

121 484

4 9 121 484
484
4
484
4 9
484

4 9 121 484
484
1 4 9
9 121
484
9
121

121

121 484

4
9 121
4 9 121 484
484
1
484
484
9
121
1 4 9

9 121 484
1 4
121 484

1 4 9 121
121
4 9
484
484
121 484
9 121 484


9
9
484
1 4 9
